from knots import *
na = {}
nal4 = {}
na[11_1] = Diagram(((4,2,5,1),(2,9,3,10),(8,3,9,4),(10,6,11,5),(6,15,7,16),(14,7,15,8),(11,16,12,17),(19,12,20,13),(13,20,14,21),(17,22,18,1),(21,18,22,19)))
na[11_2] = Diagram(((4,2,5,1),(2,9,3,10),(8,3,9,4),(10,6,11,5),(15,7,16,6),(7,15,8,14),(16,12,17,11),(12,20,13,19),(20,14,21,13),(22,18,1,17),(18,22,19,21)))
na[11_3] = Diagram(((4,2,5,1),(2,9,3,10),(8,3,9,4),(10,6,11,5),(15,7,16,6),(7,15,8,14),(11,16,12,17),(19,12,20,13),(13,20,14,21),(17,22,18,1),(21,18,22,19)))
na[11_4] = Diagram(((4,2,5,1),(2,9,3,10),(8,3,9,4),(10,6,11,5),(6,14,7,13),(14,8,15,7),(18,12,19,11),(12,18,13,17),(15,20,16,21),(21,16,22,17),(19,22,20,1)))
na[11_5] = Diagram(((4,2,5,1),(2,9,3,10),(8,3,9,4),(10,6,11,5),(6,14,7,13),(14,8,15,7),(11,18,12,19),(17,12,18,13),(20,16,21,15),(16,22,17,21),(22,20,1,19)))
na[11_6] = Diagram(((4,2,5,1),(2,9,3,10),(8,3,9,4),(10,6,11,5),(6,14,7,13),(14,8,15,7),(11,18,12,19),(17,12,18,13),(15,20,16,21),(21,16,22,17),(19,22,20,1)))
na[11_7] = Diagram(((4,2,5,1),(2,9,3,10),(8,3,9,4),(10,6,11,5),(13,6,14,7),(7,14,8,15),(18,12,19,11),(12,18,13,17),(20,16,21,15),(16,22,17,21),(22,20,1,19)))
na[11_8] = Diagram(((4,2,5,1),(2,9,3,10),(8,3,9,4),(10,6,11,5),(13,6,14,7),(7,14,8,15),(11,18,12,19),(17,12,18,13),(15,20,16,21),(21,16,22,17),(19,22,20,1)))
na[11_9] = Diagram(((4,2,5,1),(2,9,3,10),(8,3,9,4),(10,6,11,5),(6,14,7,13),(14,8,15,7),(11,19,12,18),(19,13,20,12),(15,21,16,20),(21,17,22,16),(17,1,18,22)))
na[11_10] = Diagram(((4,2,5,1),(2,9,3,10),(8,3,9,4),(10,6,11,5),(13,6,14,7),(7,14,8,15),(18,11,19,12),(12,19,13,20),(20,15,21,16),(16,21,17,22),(22,17,1,18)))
na[11_11] = Diagram(((4,2,5,1),(2,9,3,10),(8,3,9,4),(10,6,11,5),(13,6,14,7),(7,14,8,15),(11,19,12,18),(19,13,20,12),(15,21,16,20),(21,17,22,16),(17,1,18,22)))
na[11_12] = Diagram(((4,2,5,1),(2,9,3,10),(8,3,9,4),(10,6,11,5),(13,6,14,7),(7,14,8,15),(11,19,12,18),(19,13,20,12),(15,1,16,22),(21,17,22,16),(17,21,18,20)))
na[11_13] = Diagram(((4,2,5,1),(2,9,3,10),(8,3,9,4),(10,6,11,5),(6,16,7,15),(16,8,17,7),(11,19,12,18),(19,13,20,12),(13,21,14,20),(21,15,22,14),(17,1,18,22)))
na[11_14] = Diagram(((4,2,5,1),(2,9,3,10),(8,3,9,4),(10,6,11,5),(15,6,16,7),(7,16,8,17),(18,11,19,12),(12,19,13,20),(20,13,21,14),(14,21,15,22),(22,17,1,18)))
na[11_15] = Diagram(((4,2,5,1),(2,9,3,10),(8,3,9,4),(10,6,11,5),(15,6,16,7),(7,16,8,17),(11,19,12,18),(19,13,20,12),(13,21,14,20),(21,15,22,14),(17,1,18,22)))
na[11_16] = Diagram(((4,2,5,1),(2,9,3,10),(8,3,9,4),(10,6,11,5),(6,16,7,15),(16,8,17,7),(11,19,12,18),(21,13,22,12),(13,21,14,20),(19,15,20,14),(17,1,18,22)))
na[11_17] = Diagram(((4,2,5,1),(2,9,3,10),(8,3,9,4),(10,6,11,5),(15,6,16,7),(7,16,8,17),(18,11,19,12),(12,21,13,22),(20,13,21,14),(14,19,15,20),(22,17,1,18)))
na[11_18] = Diagram(((4,2,5,1),(2,9,3,10),(8,3,9,4),(10,6,11,5),(15,6,16,7),(7,16,8,17),(11,19,12,18),(21,13,22,12),(13,21,14,20),(19,15,20,14),(17,1,18,22)))
na[11_19] = Diagram(((4,2,5,1),(2,9,3,10),(8,3,9,4),(10,6,11,5),(17,7,18,6),(7,17,8,16),(11,18,12,19),(19,12,20,13),(13,20,14,21),(21,14,22,15),(15,22,16,1)))
na[11_20] = Diagram(((4,2,5,1),(2,9,3,10),(8,3,9,4),(10,6,11,5),(17,7,18,6),(7,17,8,16),(11,18,12,19),(21,12,22,13),(13,20,14,21),(19,14,20,15),(15,22,16,1)))
na[11_21] = Diagram(((4,2,5,1),(2,8,3,7),(8,4,9,3),(12,5,13,6),(6,13,7,14),(9,15,10,14),(17,11,18,10),(11,19,12,18),(15,20,16,21),(21,16,22,17),(19,22,20,1)))
na[11_22] = Diagram(((4,2,5,1),(2,8,3,7),(8,4,9,3),(5,13,6,12),(13,7,14,6),(14,9,15,10),(10,17,11,18),(18,11,19,12),(20,16,21,15),(16,22,17,21),(22,20,1,19)))
na[11_23] = Diagram(((4,2,5,1),(2,8,3,7),(8,4,9,3),(5,13,6,12),(13,7,14,6),(9,15,10,14),(17,11,18,10),(11,19,12,18),(15,20,16,21),(21,16,22,17),(19,22,20,1)))
na[11_24] = Diagram(((4,2,5,1),(2,8,3,7),(8,4,9,3),(12,5,13,6),(6,13,7,14),(14,9,15,10),(19,10,20,11),(11,18,12,19),(15,21,16,20),(21,17,22,16),(17,1,18,22)))
na[11_25] = Diagram(((4,2,5,1),(2,8,3,7),(8,4,9,3),(12,5,13,6),(6,13,7,14),(9,15,10,14),(19,10,20,11),(11,18,12,19),(15,21,16,20),(21,17,22,16),(17,1,18,22)))
na[11_26] = Diagram(((4,2,5,1),(2,8,3,7),(8,4,9,3),(5,13,6,12),(13,7,14,6),(14,9,15,10),(10,20,11,19),(18,12,19,11),(20,15,21,16),(16,21,17,22),(22,17,1,18)))
na[11_27] = Diagram(((4,2,5,1),(2,8,3,7),(8,4,9,3),(5,13,6,12),(13,7,14,6),(9,15,10,14),(19,10,20,11),(11,18,12,19),(15,21,16,20),(21,17,22,16),(17,1,18,22)))
na[11_28] = Diagram(((4,2,5,1),(2,8,3,7),(8,4,9,3),(12,5,13,6),(6,13,7,14),(9,15,10,14),(19,10,20,11),(11,18,12,19),(15,1,16,22),(21,17,22,16),(17,21,18,20)))
na[11_29] = Diagram(((4,2,5,1),(2,8,3,7),(8,4,9,3),(5,13,6,12),(13,7,14,6),(14,9,15,10),(10,20,11,19),(18,12,19,11),(22,15,1,16),(16,21,17,22),(20,17,21,18)))
na[11_30] = Diagram(((4,2,5,1),(2,8,3,7),(8,4,9,3),(5,13,6,12),(13,7,14,6),(9,15,10,14),(19,10,20,11),(11,18,12,19),(15,1,16,22),(21,17,22,16),(17,21,18,20)))
na[11_31] = Diagram(((4,2,5,1),(2,8,3,7),(8,4,9,3),(12,6,13,5),(6,12,7,11),(9,17,10,16),(15,11,16,10),(13,20,14,21),(19,14,20,15),(17,1,18,22),(21,19,22,18)))
na[11_32] = Diagram(((4,2,5,1),(2,8,3,7),(8,4,9,3),(5,12,6,13),(11,6,12,7),(16,9,17,10),(10,15,11,16),(20,14,21,13),(14,20,15,19),(22,17,1,18),(18,21,19,22)))
na[11_33] = Diagram(((4,2,5,1),(2,8,3,7),(8,4,9,3),(5,12,6,13),(11,6,12,7),(9,17,10,16),(15,11,16,10),(13,20,14,21),(19,14,20,15),(17,1,18,22),(21,19,22,18)))
na[11_34] = Diagram(((4,2,5,1),(2,8,3,7),(8,4,9,3),(12,5,13,6),(6,13,7,14),(9,17,10,16),(21,10,22,11),(11,18,12,19),(19,14,20,15),(15,20,16,21),(17,1,18,22)))
na[11_35] = Diagram(((4,2,5,1),(2,8,3,7),(8,4,9,3),(5,13,6,12),(13,7,14,6),(16,9,17,10),(10,22,11,21),(18,12,19,11),(14,20,15,19),(20,16,21,15),(22,17,1,18)))
na[11_36] = Diagram(((4,2,5,1),(2,8,3,7),(8,4,9,3),(5,13,6,12),(13,7,14,6),(9,17,10,16),(21,10,22,11),(11,18,12,19),(19,14,20,15),(15,20,16,21),(17,1,18,22)))
na[11_37] = Diagram(((4,2,5,1),(2,8,3,7),(8,4,9,3),(5,12,6,13),(11,6,12,7),(9,19,10,18),(17,11,18,10),(13,20,14,21),(21,14,22,15),(15,22,16,1),(19,16,20,17)))
na[11_38] = Diagram(((4,2,5,1),(2,8,3,7),(8,4,9,3),(5,12,6,13),(11,6,12,7),(9,19,10,18),(17,11,18,10),(13,22,14,1),(21,14,22,15),(15,20,16,21),(19,16,20,17)))
na[11_39] = Diagram(((4,2,5,1),(2,8,3,7),(8,4,9,3),(12,5,13,6),(6,13,7,14),(9,18,10,19),(21,10,22,11),(11,17,12,16),(19,15,20,14),(15,21,16,20),(17,22,18,1)))
na[11_40] = Diagram(((4,2,5,1),(2,8,3,7),(8,4,9,3),(5,13,6,12),(13,7,14,6),(18,10,19,9),(10,22,11,21),(16,11,17,12),(14,19,15,20),(20,15,21,16),(22,18,1,17)))
na[11_41] = Diagram(((4,2,5,1),(2,8,3,7),(8,4,9,3),(5,13,6,12),(13,7,14,6),(9,18,10,19),(21,10,22,11),(11,17,12,16),(19,15,20,14),(15,21,16,20),(17,22,18,1)))
na[11_42] = Diagram(((4,2,5,1),(2,8,3,7),(8,4,9,3),(12,5,13,6),(6,13,7,14),(9,18,10,19),(15,10,16,11),(11,21,12,20),(19,15,20,14),(21,16,22,17),(17,22,18,1)))
na[11_43] = Diagram(((4,2,5,1),(2,8,3,7),(8,4,9,3),(5,13,6,12),(13,7,14,6),(18,10,19,9),(10,16,11,15),(20,11,21,12),(14,19,15,20),(16,22,17,21),(22,18,1,17)))
na[11_44] = Diagram(((4,2,5,1),(2,8,3,7),(8,4,9,3),(5,13,6,12),(13,7,14,6),(9,18,10,19),(15,10,16,11),(11,21,12,20),(19,15,20,14),(21,16,22,17),(17,22,18,1)))
na[11_45] = Diagram(((4,2,5,1),(2,8,3,7),(8,4,9,3),(12,5,13,6),(6,13,7,14),(9,21,10,20),(15,10,16,11),(11,18,12,19),(19,14,20,15),(21,17,22,16),(17,1,18,22)))
na[11_46] = Diagram(((4,2,5,1),(2,8,3,7),(8,4,9,3),(5,13,6,12),(13,7,14,6),(20,9,21,10),(10,16,11,15),(18,12,19,11),(14,20,15,19),(16,21,17,22),(22,17,1,18)))
na[11_47] = Diagram(((4,2,5,1),(2,8,3,7),(8,4,9,3),(5,13,6,12),(13,7,14,6),(9,21,10,20),(15,10,16,11),(11,18,12,19),(19,14,20,15),(21,17,22,16),(17,1,18,22)))
na[11_48] = Diagram(((4,2,5,1),(2,9,3,10),(8,3,9,4),(5,12,6,13),(19,7,20,6),(7,17,8,16),(17,11,18,10),(11,19,12,18),(13,20,14,21),(21,14,22,15),(15,22,16,1)))
na[11_49] = Diagram(((4,2,5,1),(2,9,3,10),(8,3,9,4),(5,12,6,13),(19,7,20,6),(7,17,8,16),(17,11,18,10),(11,19,12,18),(13,22,14,1),(21,14,22,15),(15,20,16,21)))
na[11_50] = Diagram(((4,2,5,1),(2,9,3,10),(8,3,9,4),(5,12,6,13),(15,6,16,7),(7,18,8,19),(17,10,18,11),(11,16,12,17),(13,21,14,20),(21,15,22,14),(19,1,20,22)))
na[11_51] = Diagram(((4,2,5,1),(2,8,3,7),(8,4,9,3),(14,6,15,5),(6,14,7,13),(9,16,10,17),(19,11,20,10),(11,19,12,18),(21,12,22,13),(15,22,16,1),(17,20,18,21)))
na[11_52] = Diagram(((4,2,5,1),(2,8,3,7),(8,4,9,3),(5,14,6,15),(13,6,14,7),(16,10,17,9),(10,19,11,20),(18,11,19,12),(12,22,13,21),(22,16,1,15),(20,18,21,17)))
na[11_53] = Diagram(((4,2,5,1),(2,8,3,7),(8,4,9,3),(5,14,6,15),(13,6,14,7),(9,16,10,17),(19,11,20,10),(11,19,12,18),(21,12,22,13),(15,22,16,1),(17,20,18,21)))
na[11_54] = Diagram(((4,2,5,1),(2,8,3,7),(8,4,9,3),(14,6,15,5),(6,14,7,13),(9,16,10,17),(21,10,22,11),(11,19,12,18),(19,13,20,12),(15,22,16,1),(17,21,18,20)))
na[11_55] = Diagram(((4,2,5,1),(2,8,3,7),(8,4,9,3),(5,14,6,15),(13,6,14,7),(16,10,17,9),(10,22,11,21),(18,11,19,12),(12,19,13,20),(22,16,1,15),(20,17,21,18)))
na[11_56] = Diagram(((4,2,5,1),(2,8,3,7),(8,4,9,3),(5,14,6,15),(13,6,14,7),(9,16,10,17),(21,10,22,11),(11,19,12,18),(19,13,20,12),(15,22,16,1),(17,21,18,20)))
na[11_57] = Diagram(((4,2,5,1),(2,8,3,7),(8,4,9,3),(5,15,6,14),(15,7,16,6),(9,17,10,16),(17,11,18,10),(11,19,12,18),(21,12,22,13),(13,20,14,21),(19,1,20,22)))
na[11_58] = Diagram(((4,2,5,1),(2,8,3,7),(8,4,9,3),(14,5,15,6),(6,15,7,16),(9,17,10,16),(21,10,22,11),(11,18,12,19),(19,12,20,13),(13,20,14,21),(17,1,18,22)))
na[11_59] = Diagram(((4,2,5,1),(2,8,3,7),(8,4,9,3),(5,15,6,14),(15,7,16,6),(16,9,17,10),(10,22,11,21),(18,12,19,11),(12,20,13,19),(20,14,21,13),(22,17,1,18)))
na[11_60] = Diagram(((4,2,5,1),(2,8,3,7),(8,4,9,3),(5,15,6,14),(15,7,16,6),(9,17,10,16),(21,10,22,11),(11,18,12,19),(19,12,20,13),(13,20,14,21),(17,1,18,22)))
na[11_61] = Diagram(((4,2,5,1),(2,8,3,7),(8,4,9,3),(5,15,6,14),(15,7,16,6),(9,17,10,16),(21,11,22,10),(11,18,12,19),(19,12,20,13),(13,1,14,22),(17,20,18,21)))
na[11_62] = Diagram(((4,2,5,1),(2,8,3,7),(8,4,9,3),(14,5,15,6),(6,15,7,16),(9,17,10,16),(21,10,22,11),(11,20,12,21),(19,12,20,13),(13,18,14,19),(17,1,18,22)))
na[11_63] = Diagram(((4,2,5,1),(2,8,3,7),(8,4,9,3),(5,15,6,14),(15,7,16,6),(16,9,17,10),(10,22,11,21),(20,12,21,11),(12,20,13,19),(18,14,19,13),(22,17,1,18)))
na[11_64] = Diagram(((4,2,5,1),(2,8,3,7),(8,4,9,3),(5,15,6,14),(15,7,16,6),(9,17,10,16),(21,10,22,11),(11,20,12,21),(19,12,20,13),(13,18,14,19),(17,1,18,22)))
na[11_65] = Diagram(((4,2,5,1),(2,8,3,7),(8,4,9,3),(14,5,15,6),(6,15,7,16),(18,9,19,10),(10,17,11,18),(16,11,17,12),(21,12,22,13),(13,20,14,21),(19,1,20,22)))
na[11_66] = Diagram(((4,2,5,1),(2,8,3,7),(8,4,9,3),(14,5,15,6),(6,15,7,16),(9,19,10,18),(17,11,18,10),(11,17,12,16),(12,22,13,21),(20,14,21,13),(22,19,1,20)))
na[11_67] = Diagram(((4,2,5,1),(2,8,3,7),(8,4,9,3),(14,5,15,6),(6,15,7,16),(9,19,10,18),(17,11,18,10),(11,17,12,16),(21,12,22,13),(13,20,14,21),(19,1,20,22)))
na[11_68] = Diagram(((4,2,5,1),(2,8,3,7),(8,4,9,3),(5,15,6,14),(15,7,16,6),(18,9,19,10),(10,17,11,18),(16,11,17,12),(12,22,13,21),(20,14,21,13),(22,19,1,20)))
na[11_69] = Diagram(((4,2,5,1),(2,8,3,7),(8,4,9,3),(5,15,6,14),(15,7,16,6),(9,19,10,18),(17,11,18,10),(11,17,12,16),(21,12,22,13),(13,20,14,21),(19,1,20,22)))
na[11_70] = Diagram(((4,2,5,1),(2,8,3,7),(8,4,9,3),(5,14,6,15),(13,6,14,7),(9,19,10,18),(19,11,20,10),(11,21,12,20),(17,13,18,12),(15,22,16,1),(21,16,22,17)))
na[11_71] = Diagram(((4,2,5,1),(2,8,3,7),(8,4,9,3),(14,6,15,5),(6,14,7,13),(9,20,10,21),(21,10,22,11),(16,12,17,11),(12,18,13,17),(18,16,19,15),(19,22,20,1)))
na[11_72] = Diagram(((4,2,5,1),(2,8,3,7),(8,4,9,3),(5,14,6,15),(13,6,14,7),(20,10,21,9),(10,22,11,21),(16,12,17,11),(12,18,13,17),(18,16,19,15),(22,20,1,19)))
na[11_73] = Diagram(((4,2,5,1),(2,8,3,7),(8,4,9,3),(5,14,6,15),(13,6,14,7),(20,10,21,9),(10,22,11,21),(11,16,12,17),(17,12,18,13),(15,18,16,19),(22,20,1,19)))
na[11_74] = Diagram(((4,2,5,1),(2,8,3,7),(8,4,9,3),(5,14,6,15),(13,6,14,7),(9,20,10,21),(21,10,22,11),(16,12,17,11),(12,18,13,17),(18,16,19,15),(19,22,20,1)))
na[11_75] = Diagram(((4,2,5,1),(2,8,3,7),(8,4,9,3),(5,14,6,15),(13,6,14,7),(9,20,10,21),(21,10,22,11),(11,16,12,17),(17,12,18,13),(15,18,16,19),(19,22,20,1)))
na[11_76] = Diagram(((4,2,5,1),(2,8,3,7),(8,4,9,3),(14,5,15,6),(6,15,7,16),(9,20,10,21),(21,10,22,11),(16,11,17,12),(12,17,13,18),(18,13,19,14),(19,22,20,1)))
na[11_77] = Diagram(((4,2,5,1),(2,8,3,7),(8,4,9,3),(5,15,6,14),(15,7,16,6),(20,10,21,9),(10,22,11,21),(11,17,12,16),(17,13,18,12),(13,19,14,18),(22,20,1,19)))
na[11_78] = Diagram(((4,2,5,1),(2,8,3,7),(8,4,9,3),(5,15,6,14),(15,7,16,6),(9,20,10,21),(21,10,22,11),(11,17,12,16),(17,13,18,12),(13,19,14,18),(19,22,20,1)))
na[11_79] = Diagram(((4,2,5,1),(2,8,3,7),(8,4,9,3),(5,14,6,15),(13,6,14,7),(9,21,10,20),(19,11,20,10),(11,19,12,18),(17,13,18,12),(15,22,16,1),(21,16,22,17)))
na[11_80] = Diagram(((4,2,5,1),(2,9,3,10),(8,3,9,4),(14,6,15,5),(6,14,7,13),(10,8,11,7),(11,18,12,19),(19,12,20,13),(15,20,16,21),(21,16,22,17),(17,22,18,1)))
na[11_81] = Diagram(((4,2,5,1),(2,8,3,7),(8,4,9,3),(5,16,6,17),(15,6,16,7),(9,21,10,20),(21,11,22,10),(11,1,12,22),(17,13,18,12),(13,19,14,18),(19,15,20,14)))
na[11_82] = Diagram(((4,2,5,1),(2,9,3,10),(8,3,9,4),(5,17,6,16),(19,7,20,6),(7,12,8,13),(17,10,18,11),(11,18,12,19),(13,21,14,20),(21,15,22,14),(15,1,16,22)))
na[11_83] = Diagram(((4,2,5,1),(2,9,3,10),(8,3,9,4),(5,17,6,16),(19,7,20,6),(7,12,8,13),(17,10,18,11),(11,18,12,19),(13,1,14,22),(21,15,22,14),(15,21,16,20)))
na[11_84] = Diagram(((4,2,5,1),(2,9,3,10),(8,3,9,4),(5,18,6,19),(15,6,16,7),(7,12,8,13),(17,11,18,10),(11,17,12,16),(13,20,14,21),(21,14,22,15),(19,22,20,1)))
na[11_85] = Diagram(((4,2,5,1),(2,11,3,12),(10,3,11,4),(12,6,13,5),(19,6,20,7),(7,15,8,14),(8,21,9,22),(16,10,17,9),(13,19,14,18),(20,16,21,15),(22,17,1,18)))
na[11_86] = Diagram(((4,2,5,1),(2,11,3,12),(10,3,11,4),(12,6,13,5),(19,6,20,7),(7,15,8,14),(21,9,22,8),(9,16,10,17),(13,19,14,18),(15,20,16,21),(17,1,18,22)))
na[11_87] = Diagram(((4,2,5,1),(2,11,3,12),(10,3,11,4),(12,6,13,5),(6,19,7,20),(14,7,15,8),(8,15,9,16),(18,9,19,10),(20,14,21,13),(21,16,22,17),(17,22,18,1)))
na[11_88] = Diagram(((4,2,5,1),(2,11,3,12),(10,3,11,4),(12,6,13,5),(6,16,7,15),(16,8,17,7),(8,18,9,17),(18,10,19,9),(13,21,14,20),(21,15,22,14),(19,1,20,22)))
na[11_89] = Diagram(((4,2,5,1),(2,11,3,12),(10,3,11,4),(12,6,13,5),(15,6,16,7),(7,16,8,17),(17,8,18,9),(9,18,10,19),(20,13,21,14),(14,21,15,22),(22,19,1,20)))
na[11_90] = Diagram(((4,2,5,1),(2,11,3,12),(10,3,11,4),(12,6,13,5),(6,18,7,17),(16,8,17,7),(8,16,9,15),(18,10,19,9),(13,21,14,20),(21,15,22,14),(19,1,20,22)))
na[11_91] = Diagram(((4,2,5,1),(2,11,3,12),(10,3,11,4),(12,6,13,5),(17,6,18,7),(7,16,8,17),(15,8,16,9),(9,18,10,19),(20,13,21,14),(14,21,15,22),(22,19,1,20)))
na[11_92] = Diagram(((4,2,5,1),(2,11,3,12),(10,3,11,4),(12,6,13,5),(19,6,20,7),(7,20,8,21),(15,8,16,9),(9,16,10,17),(13,19,14,18),(21,15,22,14),(17,1,18,22)))
na[11_93] = Diagram(((4,2,5,1),(2,10,3,9),(10,4,11,3),(14,6,15,5),(6,18,7,17),(7,13,8,12),(19,9,20,8),(11,21,12,20),(18,14,19,13),(22,16,1,15),(16,22,17,21)))
na[11_94] = Diagram(((4,2,5,1),(2,10,3,9),(10,4,11,3),(14,6,15,5),(6,18,7,17),(12,7,13,8),(8,19,9,20),(20,11,21,12),(18,14,19,13),(15,22,16,1),(21,16,22,17)))
na[11_95] = Diagram(((4,2,5,1),(2,10,3,9),(10,4,11,3),(14,6,15,5),(6,18,7,17),(7,13,8,12),(19,9,20,8),(11,21,12,20),(18,14,19,13),(15,22,16,1),(21,16,22,17)))
na[11_96] = Diagram(((4,2,5,1),(2,10,3,9),(10,4,11,3),(5,14,6,15),(17,6,18,7),(7,13,8,12),(19,9,20,8),(11,21,12,20),(13,18,14,19),(15,22,16,1),(21,16,22,17)))
na[11_97] = Diagram(((4,2,5,1),(2,11,3,12),(10,3,11,4),(14,6,15,5),(6,14,7,13),(12,8,13,7),(19,9,20,8),(9,19,10,18),(15,20,16,21),(21,16,22,17),(17,22,18,1)))
na[11_98] = Diagram(((4,2,5,1),(2,11,3,12),(10,3,11,4),(5,14,6,15),(13,6,14,7),(7,12,8,13),(8,19,9,20),(18,9,19,10),(20,16,21,15),(16,22,17,21),(22,18,1,17)))
na[11_99] = Diagram(((4,2,5,1),(2,11,3,12),(10,3,11,4),(5,14,6,15),(13,6,14,7),(7,12,8,13),(19,9,20,8),(9,19,10,18),(15,20,16,21),(21,16,22,17),(17,22,18,1)))
na[11_100] = Diagram(((4,2,5,1),(2,11,3,12),(10,3,11,4),(14,6,15,5),(6,14,7,13),(12,8,13,7),(19,9,20,8),(9,19,10,18),(15,22,16,1),(21,16,22,17),(17,20,18,21)))
na[11_101] = Diagram(((4,2,5,1),(2,11,3,12),(10,3,11,4),(5,14,6,15),(13,6,14,7),(7,12,8,13),(8,19,9,20),(18,9,19,10),(22,16,1,15),(16,22,17,21),(20,18,21,17)))
na[11_102] = Diagram(((4,2,5,1),(2,11,3,12),(10,3,11,4),(5,14,6,15),(13,6,14,7),(7,12,8,13),(19,9,20,8),(9,19,10,18),(15,22,16,1),(21,16,22,17),(17,20,18,21)))
na[11_103] = Diagram(((4,2,5,1),(2,11,3,12),(10,3,11,4),(14,5,15,6),(6,15,7,16),(12,8,13,7),(19,8,20,9),(9,20,10,21),(16,13,17,14),(17,22,18,1),(21,18,22,19)))
na[11_104] = Diagram(((4,2,5,1),(2,10,3,9),(10,4,11,3),(5,15,6,14),(17,6,18,7),(7,16,8,17),(19,9,20,8),(11,21,12,20),(21,13,22,12),(13,1,14,22),(15,19,16,18)))
na[11_105] = Diagram(((4,2,5,1),(2,10,3,9),(10,4,11,3),(14,5,15,6),(6,19,7,20),(16,8,17,7),(8,18,9,17),(11,21,12,20),(21,13,22,12),(13,1,14,22),(18,16,19,15)))
na[11_106] = Diagram(((4,2,5,1),(2,10,3,9),(10,4,11,3),(5,15,6,14),(19,7,20,6),(7,16,8,17),(17,8,18,9),(20,11,21,12),(12,21,13,22),(22,13,1,14),(15,18,16,19)))
na[11_107] = Diagram(((4,2,5,1),(2,10,3,9),(10,4,11,3),(5,15,6,14),(19,7,20,6),(7,16,8,17),(17,8,18,9),(11,21,12,20),(21,13,22,12),(13,1,14,22),(15,18,16,19)))
na[11_108] = Diagram(((4,2,5,1),(2,11,3,12),(10,3,11,4),(5,14,6,15),(15,6,16,7),(7,16,8,17),(8,21,9,22),(18,9,19,10),(12,19,13,20),(20,13,21,14),(22,18,1,17)))
na[11_109] = Diagram(((4,2,5,1),(2,11,3,12),(10,3,11,4),(5,14,6,15),(21,7,22,6),(16,7,17,8),(8,17,9,18),(18,9,19,10),(12,19,13,20),(20,13,21,14),(15,22,16,1)))
na[11_110] = Diagram(((4,2,5,1),(2,11,3,12),(10,3,11,4),(14,6,15,5),(6,21,7,22),(7,17,8,16),(17,9,18,8),(9,19,10,18),(12,19,13,20),(20,13,21,14),(22,16,1,15)))
na[11_111] = Diagram(((4,2,5,1),(2,11,3,12),(10,3,11,4),(5,14,6,15),(21,7,22,6),(7,17,8,16),(17,9,18,8),(9,19,10,18),(19,13,20,12),(13,21,14,20),(15,22,16,1)))
na[11_112] = Diagram(((4,2,5,1),(2,10,3,9),(10,4,11,3),(14,6,15,5),(6,18,7,17),(18,8,19,7),(8,14,9,13),(20,11,21,12),(12,19,13,20),(15,22,16,1),(21,16,22,17)))
na[11_113] = Diagram(((4,2,5,1),(2,11,3,12),(10,3,11,4),(5,14,6,15),(21,7,22,6),(18,7,19,8),(8,17,9,18),(16,9,17,10),(12,19,13,20),(20,13,21,14),(15,22,16,1)))
na[11_114] = Diagram(((4,2,5,1),(2,11,3,12),(10,3,11,4),(14,6,15,5),(6,21,7,22),(18,7,19,8),(8,17,9,18),(16,9,17,10),(19,13,20,12),(13,21,14,20),(22,16,1,15)))
na[11_115] = Diagram(((4,2,5,1),(2,11,3,12),(10,3,11,4),(14,6,15,5),(6,21,7,22),(7,19,8,18),(17,9,18,8),(9,17,10,16),(12,19,13,20),(20,13,21,14),(22,16,1,15)))
na[11_116] = Diagram(((4,2,5,1),(2,11,3,12),(10,3,11,4),(5,14,6,15),(21,7,22,6),(7,19,8,18),(17,9,18,8),(9,17,10,16),(12,19,13,20),(20,13,21,14),(15,22,16,1)))
na[11_117] = Diagram(((4,2,5,1),(2,11,3,12),(10,3,11,4),(5,14,6,15),(21,7,22,6),(7,19,8,18),(17,9,18,8),(9,17,10,16),(19,13,20,12),(13,21,14,20),(15,22,16,1)))
na[11_118] = Diagram(((4,2,5,1),(2,10,3,9),(10,4,11,3),(5,15,6,14),(6,20,7,19),(20,8,21,7),(15,9,16,8),(11,17,12,16),(21,12,22,13),(13,18,14,19),(17,1,18,22)))
na[11_119] = Diagram(((4,2,5,1),(2,10,3,9),(10,4,11,3),(14,5,15,6),(19,6,20,7),(7,20,8,21),(8,15,9,16),(16,11,17,12),(12,22,13,21),(18,14,19,13),(22,17,1,18)))
na[11_120] = Diagram(((4,2,5,1),(2,10,3,9),(10,4,11,3),(5,15,6,14),(19,6,20,7),(7,20,8,21),(15,9,16,8),(11,17,12,16),(21,12,22,13),(13,18,14,19),(17,1,18,22)))
na[11_121] = Diagram(((4,2,5,1),(2,11,3,12),(10,3,11,4),(5,16,6,17),(15,6,16,7),(7,12,8,13),(8,19,9,20),(18,9,19,10),(13,20,14,21),(21,14,22,15),(22,18,1,17)))
na[11_122] = Diagram(((4,2,5,1),(2,11,3,12),(10,3,11,4),(5,16,6,17),(15,6,16,7),(7,12,8,13),(19,9,20,8),(9,19,10,18),(13,20,14,21),(21,14,22,15),(17,22,18,1)))
na[11_123] = Diagram(((4,2,5,1),(2,11,3,12),(10,3,11,4),(5,16,6,17),(21,7,22,6),(7,15,8,14),(19,8,20,9),(12,10,13,9),(13,18,14,19),(15,21,16,20),(17,22,18,1)))
na[11_124] = Diagram(((4,2,5,1),(2,11,3,12),(10,3,11,4),(16,6,17,5),(6,21,7,22),(7,15,8,14),(13,9,14,8),(9,19,10,18),(19,13,20,12),(20,15,21,16),(22,18,1,17)))
na[11_125] = Diagram(((4,2,5,1),(2,11,3,12),(10,3,11,4),(5,17,6,16),(17,7,18,6),(7,19,8,18),(8,21,9,22),(14,10,15,9),(12,20,13,19),(20,14,21,13),(22,15,1,16)))
na[11_126] = Diagram(((4,2,5,1),(2,10,3,9),(10,4,11,3),(5,19,6,18),(21,7,22,6),(7,13,8,12),(15,9,16,8),(11,17,12,16),(13,21,14,20),(19,15,20,14),(17,1,18,22)))
na[11_127] = Diagram(((4,2,5,1),(2,11,3,12),(10,3,11,4),(18,5,19,6),(6,19,7,20),(7,12,8,13),(15,8,16,9),(9,16,10,17),(13,21,14,20),(21,15,22,14),(22,17,1,18)))
na[11_128] = Diagram(((4,2,5,1),(2,11,3,12),(10,3,11,4),(5,19,6,18),(13,7,14,6),(7,15,8,14),(21,9,22,8),(9,16,10,17),(19,12,20,13),(15,20,16,21),(17,1,18,22)))
na[11_129] = Diagram(((4,2,5,1),(2,11,3,12),(10,3,11,4),(5,19,6,18),(21,7,22,6),(7,14,8,15),(15,8,16,9),(9,16,10,17),(19,12,20,13),(13,20,14,21),(17,1,18,22)))
na[11_130] = Diagram(((4,2,5,1),(2,11,3,12),(10,3,11,4),(5,18,6,19),(19,6,20,7),(7,14,8,15),(21,9,22,8),(9,17,10,16),(17,13,18,12),(13,21,14,20),(15,22,16,1)))
na[11_131] = Diagram(((4,2,5,1),(2,11,3,12),(10,3,11,4),(18,5,19,6),(6,21,7,22),(7,16,8,17),(15,8,16,9),(9,14,10,15),(12,20,13,19),(20,14,21,13),(22,17,1,18)))
na[11_132] = Diagram(((4,2,5,1),(2,11,3,12),(10,3,11,4),(5,19,6,18),(21,7,22,6),(7,16,8,17),(15,8,16,9),(9,14,10,15),(19,12,20,13),(13,20,14,21),(17,1,18,22)))
na[11_133] = Diagram(((4,2,5,1),(2,10,3,9),(10,4,11,3),(5,19,6,18),(13,6,14,7),(7,20,8,21),(15,9,16,8),(11,17,12,16),(21,12,22,13),(19,15,20,14),(17,1,18,22)))
na[11_134] = Diagram(((4,2,5,1),(2,11,3,12),(10,3,11,4),(5,19,6,18),(17,7,18,6),(7,22,8,1),(15,8,16,9),(9,14,10,15),(19,12,20,13),(13,20,14,21),(21,16,22,17)))
na[11_135] = Diagram(((4,2,5,1),(2,13,3,14),(12,3,13,4),(14,6,15,5),(19,7,20,6),(7,17,8,16),(8,22,9,21),(22,10,1,9),(17,11,18,10),(11,19,12,18),(15,20,16,21)))
na[11_136] = Diagram(((4,2,5,1),(2,12,3,11),(12,4,13,3),(5,17,6,16),(21,7,22,6),(14,8,15,7),(8,14,9,13),(18,10,19,9),(10,20,11,19),(15,1,16,22),(20,18,21,17)))
na[11_137] = Diagram(((4,2,5,1),(2,13,3,14),(12,3,13,4),(5,16,6,17),(15,6,16,7),(7,14,8,15),(8,21,9,22),(18,9,19,10),(10,19,11,20),(20,11,21,12),(22,18,1,17)))
na[11_138] = Diagram(((4,2,5,1),(2,13,3,14),(12,3,13,4),(5,16,6,17),(15,6,16,7),(7,14,8,15),(21,9,22,8),(9,19,10,18),(19,11,20,10),(11,21,12,20),(17,22,18,1)))
na[11_139] = Diagram(((4,2,5,1),(2,13,3,14),(12,3,13,4),(16,6,17,5),(6,16,7,15),(14,8,15,7),(21,9,22,8),(9,21,10,20),(19,11,20,10),(11,19,12,18),(17,22,18,1)))
na[11_140] = Diagram(((4,2,5,1),(2,13,3,14),(12,3,13,4),(5,16,6,17),(15,6,16,7),(7,14,8,15),(8,21,9,22),(20,9,21,10),(10,19,11,20),(18,11,19,12),(22,18,1,17)))
na[11_141] = Diagram(((4,2,5,1),(2,13,3,14),(12,3,13,4),(5,16,6,17),(15,6,16,7),(7,14,8,15),(21,9,22,8),(9,21,10,20),(19,11,20,10),(11,19,12,18),(17,22,18,1)))
na[11_142] = Diagram(((4,2,5,1),(2,13,3,14),(12,3,13,4),(5,16,6,17),(21,7,22,6),(7,21,8,20),(15,8,16,9),(9,14,10,15),(19,11,20,10),(11,19,12,18),(17,22,18,1)))
na[11_143] = Diagram(((4,2,5,1),(2,12,3,11),(12,4,13,3),(5,16,6,17),(17,6,18,7),(22,8,1,7),(8,22,9,21),(9,18,10,19),(15,10,16,11),(13,21,14,20),(19,15,20,14)))
na[11_144] = Diagram(((4,2,5,1),(2,12,3,11),(12,4,13,3),(18,6,19,5),(6,20,7,19),(7,15,8,14),(21,9,22,8),(16,10,17,9),(10,18,11,17),(22,13,1,14),(15,20,16,21)))
na[11_145] = Diagram(((4,2,5,1),(2,14,3,13),(14,4,15,3),(5,11,6,10),(17,6,18,7),(7,20,8,21),(15,9,16,8),(9,1,10,22),(18,11,19,12),(12,19,13,20),(21,16,22,17)))
na[11_146] = Diagram(((4,2,5,1),(2,14,3,13),(14,4,15,3),(10,5,11,6),(6,18,7,17),(20,8,21,7),(8,15,9,16),(22,9,1,10),(11,19,12,18),(19,13,20,12),(16,22,17,21)))
na[11_147] = Diagram(((4,2,5,1),(2,14,3,13),(14,4,15,3),(5,11,6,10),(17,6,18,7),(7,20,8,21),(15,9,16,8),(9,1,10,22),(11,19,12,18),(19,13,20,12),(21,16,22,17)))
na[11_148] = Diagram(((4,2,5,1),(2,14,3,13),(14,4,15,3),(5,19,6,18),(11,6,12,7),(7,20,8,21),(15,9,16,8),(9,1,10,22),(17,10,18,11),(19,13,20,12),(21,16,22,17)))
na[11_149] = Diagram(((6,2,7,1),(2,17,3,18),(8,3,9,4),(4,16,5,15),(10,6,11,5),(18,8,19,7),(16,9,17,10),(11,21,12,20),(21,13,22,12),(13,1,14,22),(19,15,20,14)))
na[11_150] = Diagram(((6,2,7,1),(2,17,3,18),(8,3,9,4),(4,16,5,15),(10,6,11,5),(18,8,19,7),(16,9,17,10),(11,1,12,22),(21,13,22,12),(13,21,14,20),(19,15,20,14)))
na[11_151] = Diagram(((6,2,7,1),(2,8,3,7),(8,4,9,3),(4,13,5,14),(12,5,13,6),(9,16,10,17),(21,11,22,10),(11,19,12,18),(19,15,20,14),(15,21,16,20),(17,22,18,1)))
na[11_152] = Diagram(((6,2,7,1),(2,8,3,7),(8,4,9,3),(4,13,5,14),(12,5,13,6),(9,19,10,18),(15,11,16,10),(11,20,12,21),(19,14,20,15),(21,17,22,16),(17,1,18,22)))
na[11_153] = Diagram(((6,2,7,1),(2,19,3,20),(8,3,9,4),(4,16,5,15),(12,6,13,5),(20,8,21,7),(16,9,17,10),(10,17,11,18),(18,11,19,12),(13,1,14,22),(21,15,22,14)))
na[11_154] = Diagram(((6,2,7,1),(2,19,3,20),(8,3,9,4),(4,16,5,15),(12,6,13,5),(20,8,21,7),(9,17,10,16),(17,11,18,10),(11,19,12,18),(22,13,1,14),(14,21,15,22)))
na[11_155] = Diagram(((6,2,7,1),(2,19,3,20),(8,3,9,4),(4,16,5,15),(12,6,13,5),(20,8,21,7),(18,9,19,10),(10,17,11,18),(16,11,17,12),(13,1,14,22),(21,15,22,14)))
na[11_156] = Diagram(((6,2,7,1),(2,19,3,20),(3,11,4,10),(17,4,18,5),(12,6,13,5),(14,7,15,8),(8,21,9,22),(16,10,17,9),(11,19,12,18),(22,13,1,14),(20,16,21,15)))
na[11_157] = Diagram(((6,2,7,1),(19,3,20,2),(3,11,4,10),(17,4,18,5),(5,12,6,13),(14,7,15,8),(8,21,9,22),(9,16,10,17),(11,19,12,18),(22,13,1,14),(20,16,21,15)))
na[11_158] = Diagram(((6,2,7,1),(2,17,3,18),(10,3,11,4),(4,16,5,15),(12,6,13,5),(18,8,19,7),(8,20,9,19),(20,10,21,9),(16,11,17,12),(13,1,14,22),(21,15,22,14)))
na[11_159] = Diagram(((6,2,7,1),(2,17,3,18),(10,3,11,4),(4,16,5,15),(12,6,13,5),(7,18,8,19),(19,8,20,9),(9,20,10,21),(16,11,17,12),(22,13,1,14),(14,21,15,22)))
na[11_160] = Diagram(((6,2,7,1),(2,19,3,20),(3,11,4,10),(17,4,18,5),(12,6,13,5),(20,8,21,7),(8,16,9,15),(16,10,17,9),(11,19,12,18),(22,13,1,14),(14,21,15,22)))
na[11_161] = Diagram(((6,2,7,1),(2,17,3,18),(10,3,11,4),(4,16,5,15),(12,6,13,5),(20,8,21,7),(8,20,9,19),(18,10,19,9),(16,11,17,12),(13,1,14,22),(21,15,22,14)))
na[11_162] = Diagram(((6,2,7,1),(2,19,3,20),(3,11,4,10),(17,4,18,5),(12,6,13,5),(22,8,1,7),(8,14,9,13),(16,10,17,9),(11,19,12,18),(14,22,15,21),(20,16,21,15)))
na[11_163] = Diagram(((6,2,7,1),(19,3,20,2),(3,11,4,10),(17,4,18,5),(5,12,6,13),(22,8,1,7),(8,14,9,13),(9,16,10,17),(11,19,12,18),(14,22,15,21),(20,16,21,15)))
na[11_164] = Diagram(((6,2,7,1),(2,15,3,16),(3,11,4,10),(11,5,12,4),(14,5,15,6),(16,8,17,7),(21,9,22,8),(9,21,10,20),(19,13,20,12),(13,19,14,18),(22,18,1,17)))
na[11_165] = Diagram(((6,2,7,1),(2,15,3,16),(3,11,4,10),(11,5,12,4),(14,5,15,6),(16,8,17,7),(8,21,9,22),(20,9,21,10),(12,19,13,20),(18,13,19,14),(22,18,1,17)))
na[11_166] = Diagram(((6,2,7,1),(2,10,3,9),(10,4,11,3),(15,5,16,4),(5,15,6,14),(18,7,19,8),(8,19,9,20),(20,11,21,12),(12,17,13,18),(22,14,1,13),(16,22,17,21)))
na[11_167] = Diagram(((6,2,7,1),(2,10,3,9),(10,4,11,3),(4,14,5,13),(14,6,15,5),(20,8,21,7),(8,20,9,19),(11,18,12,19),(17,12,18,13),(22,15,1,16),(16,21,17,22)))
na[11_168] = Diagram(((6,2,7,1),(2,14,3,13),(10,4,11,3),(4,10,5,9),(14,6,15,5),(20,8,21,7),(8,18,9,17),(11,18,12,19),(19,12,20,13),(22,15,1,16),(16,21,17,22)))
na[11_169] = Diagram(((6,2,7,1),(11,3,12,2),(3,11,4,10),(17,5,18,4),(5,17,6,16),(12,8,13,7),(19,9,20,8),(9,19,10,18),(20,14,21,13),(14,22,15,21),(22,16,1,15)))
na[11_170] = Diagram(((6,2,7,1),(2,11,3,12),(10,3,11,4),(4,17,5,18),(16,5,17,6),(12,8,13,7),(8,19,9,20),(18,9,19,10),(13,22,14,1),(21,14,22,15),(15,20,16,21)))
na[11_171] = Diagram(((6,2,7,1),(11,3,12,2),(3,11,4,10),(17,5,18,4),(5,17,6,16),(12,8,13,7),(19,9,20,8),(9,19,10,18),(22,14,1,13),(14,22,15,21),(20,16,21,15)))
na[11_172] = Diagram(((6,2,7,1),(2,11,3,12),(10,3,11,4),(15,4,16,5),(5,16,6,17),(12,8,13,7),(8,20,9,19),(20,10,21,9),(18,13,19,14),(14,21,15,22),(22,17,1,18)))
na[11_173] = Diagram(((6,2,7,1),(11,3,12,2),(3,11,4,10),(4,16,5,15),(16,6,17,5),(12,8,13,7),(8,20,9,19),(20,10,21,9),(18,13,19,14),(14,21,15,22),(22,17,1,18)))
na[11_174] = Diagram(((6,2,7,1),(2,16,3,15),(3,11,4,10),(11,5,12,4),(16,6,17,5),(14,7,15,8),(8,20,9,19),(20,10,21,9),(12,22,13,21),(18,14,19,13),(22,17,1,18)))
na[11_175] = Diagram(((6,2,7,1),(13,3,14,2),(3,11,4,10),(19,5,20,4),(5,17,6,16),(14,8,15,7),(21,9,22,8),(9,21,10,20),(11,18,12,19),(17,12,18,13),(22,16,1,15)))
na[11_176] = Diagram(((6,2,7,1),(2,11,3,12),(10,3,11,4),(15,4,16,5),(5,16,6,17),(18,7,19,8),(8,13,9,14),(20,10,21,9),(12,20,13,19),(14,21,15,22),(22,17,1,18)))
na[11_177] = Diagram(((6,2,7,1),(11,3,12,2),(3,11,4,10),(4,16,5,15),(16,6,17,5),(18,7,19,8),(8,13,9,14),(20,10,21,9),(12,20,13,19),(14,21,15,22),(22,17,1,18)))
na[11_178] = Diagram(((6,2,7,1),(2,16,3,15),(3,11,4,10),(11,5,12,4),(16,6,17,5),(18,7,19,8),(8,14,9,13),(20,10,21,9),(12,22,13,21),(14,19,15,20),(22,17,1,18)))
na[11_179] = Diagram(((6,2,7,1),(9,2,10,3),(3,10,4,11),(19,4,20,5),(5,20,6,21),(14,8,15,7),(8,14,9,13),(11,19,12,18),(17,13,18,12),(22,16,1,15),(16,22,17,21)))
na[11_180] = Diagram(((6,2,7,1),(13,3,14,2),(3,13,4,12),(17,5,18,4),(5,17,6,16),(14,8,15,7),(21,9,22,8),(9,19,10,18),(19,11,20,10),(11,21,12,20),(22,16,1,15)))
na[11_181] = Diagram(((6,2,7,1),(13,3,14,2),(3,13,4,12),(17,5,18,4),(5,17,6,16),(14,8,15,7),(21,9,22,8),(9,21,10,20),(19,11,20,10),(11,19,12,18),(22,16,1,15)))
na[11_182] = Diagram(((6,2,7,1),(2,17,3,18),(3,12,4,13),(11,4,12,5),(16,5,17,6),(18,8,19,7),(8,20,9,19),(14,10,15,9),(10,21,11,22),(20,13,21,14),(22,16,1,15)))
na[11_183] = Diagram(((6,2,7,1),(2,10,3,9),(3,15,4,14),(15,5,16,4),(10,6,11,5),(7,19,8,18),(19,9,20,8),(22,11,1,12),(12,18,13,17),(20,14,21,13),(16,22,17,21)))
na[11_184] = Diagram(((6,2,7,1),(2,10,3,9),(3,15,4,14),(15,5,16,4),(10,6,11,5),(18,7,19,8),(8,19,9,20),(22,11,1,12),(12,18,13,17),(20,14,21,13),(16,22,17,21)))
na[11_185] = Diagram(((6,2,7,1),(2,13,3,14),(18,4,19,3),(4,12,5,11),(16,5,17,6),(14,8,15,7),(19,9,20,8),(9,21,10,20),(21,11,22,10),(12,18,13,17),(22,16,1,15)))
na[12_1] = Diagram(((1,5,2,4),(9,2,10,3),(3,8,4,9),(5,11,6,10),(6,16,7,15),(14,8,15,7),(16,11,17,12),(12,19,13,20),(20,13,21,14),(22,18,23,17),(18,24,19,23),(24,22,1,21)))
na[12_2] = Diagram(((1,5,2,4),(9,2,10,3),(3,8,4,9),(5,11,6,10),(6,16,7,15),(14,8,15,7),(11,17,12,16),(19,13,20,12),(13,21,14,20),(17,22,18,23),(23,18,24,19),(21,24,22,1)))
na[12_3] = Diagram(((1,5,2,4),(9,2,10,3),(3,8,4,9),(5,11,6,10),(15,6,16,7),(7,14,8,15),(16,11,17,12),(12,19,13,20),(20,13,21,14),(22,18,23,17),(18,24,19,23),(24,22,1,21)))
na[12_4] = Diagram(((1,5,2,4),(9,2,10,3),(3,8,4,9),(5,11,6,10),(15,6,16,7),(7,14,8,15),(11,17,12,16),(12,19,13,20),(20,13,21,14),(22,18,23,17),(18,24,19,23),(24,22,1,21)))
na[12_5] = Diagram(((1,5,2,4),(9,2,10,3),(3,8,4,9),(5,11,6,10),(15,6,16,7),(7,14,8,15),(11,17,12,16),(12,19,13,20),(20,13,21,14),(17,22,18,23),(23,18,24,19),(21,24,22,1)))
na[12_6] = Diagram(((1,5,2,4),(9,2,10,3),(3,8,4,9),(5,11,6,10),(15,6,16,7),(7,14,8,15),(11,17,12,16),(19,13,20,12),(13,21,14,20),(22,18,23,17),(18,24,19,23),(24,22,1,21)))
na[12_7] = Diagram(((1,5,2,4),(9,2,10,3),(3,8,4,9),(5,11,6,10),(6,16,7,15),(14,8,15,7),(16,11,17,12),(12,22,13,21),(20,14,21,13),(22,17,23,18),(18,23,19,24),(24,19,1,20)))
na[12_8] = Diagram(((1,5,2,4),(9,2,10,3),(3,8,4,9),(5,11,6,10),(6,16,7,15),(14,8,15,7),(11,17,12,16),(21,12,22,13),(13,20,14,21),(17,23,18,22),(23,19,24,18),(19,1,20,24)))
na[12_9] = Diagram(((1,5,2,4),(9,2,10,3),(3,8,4,9),(5,11,6,10),(15,6,16,7),(7,14,8,15),(16,11,17,12),(12,22,13,21),(20,14,21,13),(22,17,23,18),(18,23,19,24),(24,19,1,20)))
na[12_10] = Diagram(((1,5,2,4),(9,2,10,3),(3,8,4,9),(5,11,6,10),(15,6,16,7),(7,14,8,15),(11,17,12,16),(12,22,13,21),(20,14,21,13),(22,17,23,18),(18,23,19,24),(24,19,1,20)))
na[12_11] = Diagram(((1,5,2,4),(9,2,10,3),(3,8,4,9),(5,11,6,10),(6,16,7,15),(14,8,15,7),(16,11,17,12),(12,22,13,21),(20,14,21,13),(24,17,1,18),(18,23,19,24),(22,19,23,20)))
na[12_12] = Diagram(((1,5,2,4),(9,2,10,3),(3,8,4,9),(5,11,6,10),(6,16,7,15),(14,8,15,7),(11,17,12,16),(21,12,22,13),(13,20,14,21),(17,1,18,24),(23,19,24,18),(19,23,20,22)))
na[12_13] = Diagram(((1,5,2,4),(9,2,10,3),(3,8,4,9),(5,11,6,10),(15,6,16,7),(7,14,8,15),(16,11,17,12),(12,22,13,21),(20,14,21,13),(24,17,1,18),(18,23,19,24),(22,19,23,20)))
na[12_14] = Diagram(((1,5,2,4),(9,2,10,3),(3,8,4,9),(5,11,6,10),(6,13,7,14),(14,7,15,8),(18,12,19,11),(12,20,13,19),(20,16,21,15),(16,23,17,24),(22,17,23,18),(24,22,1,21)))
na[12_15] = Diagram(((1,5,2,4),(9,2,10,3),(3,8,4,9),(5,11,6,10),(6,13,7,14),(14,7,15,8),(11,18,12,19),(19,12,20,13),(15,20,16,21),(23,17,24,16),(17,23,18,22),(21,24,22,1)))
na[12_16] = Diagram(((1,5,2,4),(9,2,10,3),(3,8,4,9),(5,11,6,10),(13,7,14,6),(7,15,8,14),(18,12,19,11),(12,20,13,19),(20,16,21,15),(16,23,17,24),(22,17,23,18),(24,22,1,21)))
na[12_17] = Diagram(((1,5,2,4),(9,2,10,3),(3,8,4,9),(5,11,6,10),(6,13,7,14),(14,7,15,8),(18,11,19,12),(12,17,13,18),(22,16,23,15),(16,22,17,21),(24,19,1,20),(20,23,21,24)))
na[12_18] = Diagram(((1,5,2,4),(9,2,10,3),(3,8,4,9),(5,11,6,10),(6,13,7,14),(14,7,15,8),(11,19,12,18),(17,13,18,12),(15,22,16,23),(21,16,22,17),(19,1,20,24),(23,21,24,20)))
na[12_19] = Diagram(((1,5,2,4),(9,2,10,3),(3,8,4,9),(5,11,6,10),(13,7,14,6),(7,15,8,14),(18,11,19,12),(12,17,13,18),(22,16,23,15),(16,22,17,21),(24,19,1,20),(20,23,21,24)))
na[12_20] = Diagram(((1,5,2,4),(9,2,10,3),(3,8,4,9),(5,11,6,10),(6,13,7,14),(14,7,15,8),(18,12,19,11),(12,20,13,19),(22,15,23,16),(16,23,17,24),(20,18,21,17),(24,21,1,22)))
na[12_21] = Diagram(((1,5,2,4),(9,2,10,3),(3,8,4,9),(5,11,6,10),(6,16,7,15),(14,8,15,7),(18,11,19,12),(12,24,13,23),(20,14,21,13),(16,22,17,21),(22,18,23,17),(24,19,1,20)))
na[12_22] = Diagram(((1,5,2,4),(9,2,10,3),(3,8,4,9),(5,11,6,10),(6,16,7,15),(14,8,15,7),(11,19,12,18),(23,12,24,13),(13,20,14,21),(21,16,22,17),(17,22,18,23),(19,1,20,24)))
na[12_23] = Diagram(((1,5,2,4),(9,2,10,3),(3,8,4,9),(5,11,6,10),(15,6,16,7),(7,14,8,15),(18,11,19,12),(12,24,13,23),(20,14,21,13),(16,22,17,21),(22,18,23,17),(24,19,1,20)))
na[12_24] = Diagram(((1,5,2,4),(9,2,10,3),(3,8,4,9),(5,11,6,10),(6,13,7,14),(14,7,15,8),(20,11,21,12),(12,19,13,20),(22,16,23,15),(16,24,17,23),(24,18,1,17),(18,22,19,21)))
na[12_25] = Diagram(((1,5,2,4),(9,2,10,3),(3,8,4,9),(5,11,6,10),(6,13,7,14),(14,7,15,8),(20,11,21,12),(12,19,13,20),(24,16,1,15),(16,24,17,23),(22,18,23,17),(18,22,19,21)))
na[12_26] = Diagram(((1,5,2,4),(9,2,10,3),(3,8,4,9),(5,11,6,10),(6,16,7,15),(14,8,15,7),(20,12,21,11),(12,24,13,23),(18,13,19,14),(16,21,17,22),(22,17,23,18),(24,20,1,19)))
na[12_27] = Diagram(((1,5,2,4),(9,2,10,3),(3,8,4,9),(5,11,6,10),(6,16,7,15),(14,8,15,7),(11,20,12,21),(23,12,24,13),(13,19,14,18),(21,17,22,16),(17,23,18,22),(19,24,20,1)))
na[12_28] = Diagram(((1,5,2,4),(9,2,10,3),(3,8,4,9),(5,11,6,10),(15,6,16,7),(7,14,8,15),(20,12,21,11),(12,24,13,23),(18,13,19,14),(16,21,17,22),(22,17,23,18),(24,20,1,19)))
na[12_29] = Diagram(((1,5,2,4),(9,2,10,3),(3,8,4,9),(5,11,6,10),(6,16,7,15),(14,8,15,7),(20,12,21,11),(12,18,13,17),(22,13,23,14),(16,21,17,22),(18,24,19,23),(24,20,1,19)))
na[12_30] = Diagram(((1,5,2,4),(9,2,10,3),(3,8,4,9),(5,11,6,10),(6,16,7,15),(14,8,15,7),(11,20,12,21),(17,12,18,13),(13,23,14,22),(21,17,22,16),(23,18,24,19),(19,24,20,1)))
na[12_31] = Diagram(((1,5,2,4),(9,2,10,3),(3,8,4,9),(5,11,6,10),(15,6,16,7),(7,14,8,15),(20,12,21,11),(12,18,13,17),(22,13,23,14),(16,21,17,22),(18,24,19,23),(24,20,1,19)))
na[12_32] = Diagram(((1,5,2,4),(9,2,10,3),(3,8,4,9),(5,11,6,10),(6,16,7,15),(14,8,15,7),(22,11,23,12),(12,18,13,17),(20,14,21,13),(16,22,17,21),(18,23,19,24),(24,19,1,20)))
na[12_33] = Diagram(((1,5,2,4),(9,2,10,3),(3,8,4,9),(5,11,6,10),(6,16,7,15),(14,8,15,7),(11,23,12,22),(17,12,18,13),(13,20,14,21),(21,16,22,17),(23,19,24,18),(19,1,20,24)))
na[12_34] = Diagram(((1,5,2,4),(9,2,10,3),(3,8,4,9),(5,11,6,10),(15,6,16,7),(7,14,8,15),(22,11,23,12),(12,18,13,17),(20,14,21,13),(16,22,17,21),(18,23,19,24),(24,19,1,20)))
na[12_35] = Diagram(((1,5,2,4),(9,2,10,3),(3,8,4,9),(5,11,6,10),(6,15,7,16),(16,7,17,8),(18,12,19,11),(12,21,13,22),(20,13,21,14),(14,24,15,23),(24,18,1,17),(22,20,23,19)))
na[12_36] = Diagram(((1,5,2,4),(9,2,10,3),(3,8,4,9),(5,11,6,10),(6,15,7,16),(16,7,17,8),(11,18,12,19),(21,13,22,12),(13,21,14,20),(23,14,24,15),(17,24,18,1),(19,22,20,23)))
na[12_37] = Diagram(((1,5,2,4),(9,2,10,3),(3,8,4,9),(5,11,6,10),(15,7,16,6),(7,17,8,16),(18,12,19,11),(12,21,13,22),(20,13,21,14),(14,24,15,23),(24,18,1,17),(22,20,23,19)))
na[12_38] = Diagram(((1,5,2,4),(9,2,10,3),(3,8,4,9),(5,11,6,10),(6,15,7,16),(16,7,17,8),(18,12,19,11),(12,24,13,23),(20,13,21,14),(14,21,15,22),(24,18,1,17),(22,19,23,20)))
na[12_39] = Diagram(((1,5,2,4),(9,2,10,3),(3,8,4,9),(5,11,6,10),(6,15,7,16),(16,7,17,8),(11,18,12,19),(23,12,24,13),(13,21,14,20),(21,15,22,14),(17,24,18,1),(19,23,20,22)))
na[12_40] = Diagram(((1,5,2,4),(9,2,10,3),(3,8,4,9),(5,11,6,10),(15,7,16,6),(7,17,8,16),(18,12,19,11),(12,24,13,23),(20,13,21,14),(14,21,15,22),(24,18,1,17),(22,19,23,20)))
na[12_41] = Diagram(((1,5,2,4),(9,2,10,3),(3,8,4,9),(5,11,6,10),(6,18,7,17),(16,8,17,7),(18,11,19,12),(12,19,13,20),(20,13,21,14),(14,24,15,23),(22,16,23,15),(24,21,1,22)))
na[12_42] = Diagram(((1,5,2,4),(9,2,10,3),(3,8,4,9),(5,11,6,10),(6,18,7,17),(16,8,17,7),(18,11,19,12),(12,24,13,23),(20,14,21,13),(14,22,15,21),(22,16,23,15),(24,19,1,20)))
na[12_43] = Diagram(((1,5,2,4),(9,2,10,3),(3,8,4,9),(5,11,6,10),(6,18,7,17),(16,8,17,7),(11,19,12,18),(23,12,24,13),(13,20,14,21),(21,14,22,15),(15,22,16,23),(19,1,20,24)))
na[12_44] = Diagram(((1,5,2,4),(9,2,10,3),(3,8,4,9),(5,11,6,10),(17,6,18,7),(7,16,8,17),(18,11,19,12),(12,24,13,23),(20,14,21,13),(14,22,15,21),(22,16,23,15),(24,19,1,20)))
na[12_45] = Diagram(((1,5,2,4),(9,2,10,3),(3,8,4,9),(5,11,6,10),(6,18,7,17),(16,8,17,7),(18,11,19,12),(12,23,13,24),(20,14,21,13),(14,22,15,21),(24,15,1,16),(22,20,23,19)))
na[12_46] = Diagram(((1,5,2,4),(9,2,10,3),(3,8,4,9),(5,11,6,10),(6,18,7,17),(16,8,17,7),(18,11,19,12),(12,24,13,23),(22,14,23,13),(14,22,15,21),(20,16,21,15),(24,19,1,20)))
na[12_47] = Diagram(((1,5,2,4),(9,2,10,3),(3,8,4,9),(5,11,6,10),(6,18,7,17),(16,8,17,7),(11,19,12,18),(23,12,24,13),(13,22,14,23),(21,14,22,15),(15,20,16,21),(19,1,20,24)))
na[12_48] = Diagram(((1,5,2,4),(9,2,10,3),(3,8,4,9),(5,11,6,10),(17,6,18,7),(7,16,8,17),(18,11,19,12),(12,24,13,23),(22,14,23,13),(14,22,15,21),(20,16,21,15),(24,19,1,20)))
na[12_49] = Diagram(((1,5,2,4),(9,2,10,3),(3,8,4,9),(5,11,6,10),(6,18,7,17),(16,8,17,7),(20,11,21,12),(12,19,13,20),(18,13,19,14),(14,24,15,23),(22,16,23,15),(24,21,1,22)))
na[12_50] = Diagram(((1,5,2,4),(9,2,10,3),(3,8,4,9),(5,11,6,10),(6,18,7,17),(16,8,17,7),(11,21,12,20),(19,13,20,12),(13,19,14,18),(23,14,24,15),(15,22,16,23),(21,1,22,24)))
na[12_51] = Diagram(((1,5,2,4),(9,2,10,3),(3,8,4,9),(5,11,6,10),(17,6,18,7),(7,16,8,17),(20,11,21,12),(12,19,13,20),(18,13,19,14),(14,24,15,23),(22,16,23,15),(24,21,1,22)))
na[12_52] = Diagram(((1,5,2,4),(9,2,10,3),(3,8,4,9),(5,11,6,10),(17,6,18,7),(7,16,8,17),(20,11,21,12),(12,19,13,20),(18,13,19,14),(23,14,24,15),(15,22,16,23),(21,1,22,24)))
na[12_53] = Diagram(((1,5,2,4),(9,2,10,3),(3,8,4,9),(5,11,6,10),(17,6,18,7),(7,16,8,17),(11,21,12,20),(19,13,20,12),(13,19,14,18),(14,24,15,23),(22,16,23,15),(24,21,1,22)))
na[12_54] = Diagram(((1,5,2,4),(9,2,10,3),(3,8,4,9),(5,11,6,10),(6,15,7,16),(16,7,17,8),(20,11,21,12),(12,21,13,22),(22,13,23,14),(14,19,15,20),(24,18,1,17),(18,24,19,23)))
na[12_55] = Diagram(((1,5,2,4),(9,2,10,3),(3,8,4,9),(5,11,6,10),(6,15,7,16),(16,7,17,8),(22,12,23,11),(12,24,13,23),(18,14,19,13),(14,20,15,19),(20,18,21,17),(24,22,1,21)))
na[12_56] = Diagram(((1,5,2,4),(9,2,10,3),(3,8,4,9),(5,11,6,10),(6,15,7,16),(16,7,17,8),(22,12,23,11),(12,24,13,23),(13,18,14,19),(19,14,20,15),(17,20,18,21),(24,22,1,21)))
na[12_57] = Diagram(((1,5,2,4),(9,2,10,3),(3,8,4,9),(5,11,6,10),(6,15,7,16),(16,7,17,8),(11,22,12,23),(23,12,24,13),(18,14,19,13),(14,20,15,19),(20,18,21,17),(21,24,22,1)))
na[12_58] = Diagram(((1,5,2,4),(9,2,10,3),(3,8,4,9),(5,11,6,10),(6,15,7,16),(16,7,17,8),(11,22,12,23),(23,12,24,13),(13,18,14,19),(19,14,20,15),(17,20,18,21),(21,24,22,1)))
na[12_59] = Diagram(((1,5,2,4),(9,2,10,3),(3,8,4,9),(5,11,6,10),(15,7,16,6),(7,17,8,16),(22,12,23,11),(12,24,13,23),(18,14,19,13),(14,20,15,19),(20,18,21,17),(24,22,1,21)))
na[12_60] = Diagram(((1,5,2,4),(9,2,10,3),(3,8,4,9),(5,11,6,10),(15,7,16,6),(7,17,8,16),(22,12,23,11),(12,24,13,23),(13,18,14,19),(19,14,20,15),(17,20,18,21),(24,22,1,21)))
